rubisco	6_COG1850	99.76	421	1	0	1	1263	1	421	0.0	 770
rubisco	43_COG1850	73.42	365	97	2	16	1110	3	362	3e-149	 522
rubisco	27_COG1850	68.19	415	132	2	10	1254	2	411	2e-143	 502
rubisco	130_COG1850	61.59	414	159	1	10	1251	2	410	1e-127	 450
rubisco	34_COG1850	57.73	414	173	2	16	1251	12	420	2e-116	 412
rubisco	81_COG1850	50.60	417	206	1	4	1254	6	420	5e-105	 375
rubisco	26_COG1850	53.92	421	187	3	10	1251	3	423	2e-103	 370
rubisco	11_COG1850	48.92	370	186	2	10	1110	2	367	7e-97	 348
rubisco	135_COG1850	44.44	414	228	4	19	1254	2	408	3e-85	 309
rubisco	2_COG1850	42.98	363	207	3	19	1107	17	371	4e-78	 285
rubisco	93_COG1850	34.87	413	268	5	19	1254	22	427	2e-43	 170
rubisco	89_COG1850	35.11	413	267	5	19	1254	22	426	7e-43	 168
rubisco	57_COG1850	32.77	415	276	6	19	1254	6	386	3e-42	 166
rubisco	85_COG1850	33.74	412	272	4	19	1251	22	426	1e-41	 164
rubisco	102_COG1850	34.30	414	271	6	10	1248	19	425	2e-41	 164
rubisco	97_COG1850	34.14	413	270	5	19	1251	22	426	4e-41	 162
rubisco	52_COG1850	33.42	407	264	10	55	1254	18	398	2e-38	 153
rubisco	44_COG1850	31.48	432	274	8	22	1251	14	422	1e-37	 151
rubisco	4_COG1850	32.78	418	260	10	64	1254	39	433	3e-37	 150
rubisco	128_COG1850	35.80	338	200	5	292	1254	99	435	6e-37	 149
rubisco	115_COG1850	33.33	351	216	5	256	1254	86	435	2e-36	 147
rubisco	47_COG1850	30.79	432	277	9	22	1251	14	422	2e-35	 144
rubisco	29_COG1850	29.14	405	286	4	28	1239	25	422	9e-35	 141
rubisco	40_COG1850	32.77	354	217	7	256	1254	84	433	1e-34	 141
rubisco	48_COG1850	30.79	432	277	9	22	1251	14	422	2e-34	 140
rubisco	84_COG1850	32.13	417	278	9	19	1254	24	406	5e-34	 139
rubisco	32_COG1850	29.19	418	295	4	10	1260	19	429	6e-34	 139
rubisco	3_COG1850	30.75	348	229	7	28	1035	30	363	1e-33	 138
rubisco	51_COG1850	30.77	403	276	7	55	1254	18	394	4e-33	 136
rubisco	46_COG1850	30.52	308	210	4	67	978	30	319	3e-32	 133
rubisco	71_COG1850	31.43	420	284	8	7	1254	21	416	6e-32	 132
rubisco	121_COG1850	34.02	338	206	4	292	1254	100	436	8e-32	 132
rubisco	73_COG1850	31.74	419	282	8	7	1251	22	416	8e-32	 132
rubisco	33_COG1850	28.25	361	256	5	28	1101	27	378	1e-31	 131
rubisco	72_COG1850	30.95	420	286	8	7	1254	17	412	2e-31	 130
rubisco	35_COG1850	27.32	366	264	6	10	1101	19	376	5e-31	 129
rubisco	79_COG1850	28.47	418	298	4	10	1260	28	438	2e-30	 127
rubisco	60_COG1850	30.15	335	228	6	64	1050	35	342	3e-30	 126
rubisco	5_COG1850	30.19	308	210	6	52	960	58	346	1e-28	 121
rubisco	113_COG1850	30.65	323	220	7	52	1008	51	355	9e-28	 118
rubisco	106_COG1850	30.65	323	220	7	52	1008	51	355	9e-28	 118
rubisco	12_COG1850	27.68	354	239	7	40	1050	49	384	2e-27	 117
rubisco	39_COG1850	29.05	327	227	6	25	990	6	319	3e-27	 117
rubisco	14_COG1850	28.85	364	242	7	52	1092	51	396	3e-27	 117
rubisco	49_COG1850	29.86	211	145	1	304	927	93	303	3e-27	 116
rubisco	38_COG1850	28.35	328	231	6	19	990	4	319	3e-27	 116
rubisco	112_COG1850	30.34	323	221	7	52	1008	51	355	6e-27	 115
rubisco	21_COG1850	28.85	364	242	7	52	1092	51	396	6e-27	 115
rubisco	86_COG1850	27.95	365	245	7	52	1092	50	395	7e-27	 115
rubisco	133_COG1850	27.20	364	248	6	52	1092	51	396	2e-26	 114
rubisco	66_COG1850	28.77	365	242	7	52	1092	54	399	2e-26	 114
rubisco	129_COG1850	30.09	319	218	6	52	993	54	353	3e-26	 113
rubisco	103_COG1850	27.35	351	237	7	52	1050	50	381	6e-26	 112
rubisco	94_COG1850	27.71	350	236	7	52	1050	88	419	6e-26	 112
rubisco	83_COG1850	29.13	309	215	6	4	918	8	297	6e-26	 112
rubisco	56_COG1850	31.13	318	215	8	52	993	87	386	6e-26	 112
rubisco	20_COG1850	32.46	228	150	4	247	918	78	301	6e-26	 112
rubisco	64_COG1850	27.40	365	247	8	52	1092	51	402	8e-26	 112
rubisco	62_COG1850	30.19	308	210	6	52	960	54	342	8e-26	 112
rubisco	101_COG1850	26.92	364	249	6	52	1092	50	395	1e-25	 111
rubisco	23_COG1850	27.42	310	220	6	4	918	8	298	1e-25	 111
rubisco	92_COG1850	28.57	308	215	6	52	960	50	338	1e-25	 111
rubisco	63_COG1850	27.89	355	238	8	40	1050	44	385	2e-25	 110
rubisco	55_COG1850	29.56	318	220	7	52	993	54	353	5e-25	 109
rubisco	19_COG1850	31.44	229	153	4	244	918	73	297	1e-24	 108
rubisco	18_COG1850	31.44	229	153	4	244	918	64	288	1e-24	 108
rubisco	78_COG1850	30.50	318	217	7	52	993	53	352	3e-24	 107
rubisco	42_COG1850	27.80	313	221	5	52	975	42	336	3e-24	 107
rubisco	45_COG1850	26.01	323	228	5	40	975	15	336	4e-24	 106
rubisco	22_COG1850	26.80	347	236	6	64	1050	46	374	6e-24	 105
rubisco	13_COG1850	26.80	347	236	6	64	1050	46	374	6e-24	 105
rubisco	122_COG1850	27.44	317	225	6	40	975	38	336	2e-23	 104
rubisco	105_COG1850	33.91	233	151	4	361	1050	97	319	2e-23	 103
rubisco	50_COG1850	28.73	275	181	5	148	927	30	303	3e-23	 103
rubisco	99_COG1850	28.19	227	159	2	292	960	104	330	4e-23	 103
rubisco	126_COG1850	27.51	309	219	5	64	975	46	336	1e-22	 101
rubisco	65_COG1850	27.48	313	222	5	52	975	42	336	1e-22	 101
rubisco	95_COG1850	31.69	243	163	5	355	1074	95	327	1e-22	 101
rubisco	109_COG1850	26.62	308	221	5	67	975	47	336	2e-22	 100
rubisco	91_COG1850	37.57	189	115	4	361	918	97	277	5e-22	99.4
rubisco	61_COG1850	26.18	317	229	5	40	975	38	336	5e-22	99.4
rubisco	100_COG1850	32.35	272	172	7	139	918	17	277	1e-21	98.2
rubisco	116_COG1850	28.40	243	169	3	262	975	93	335	2e-21	97.8
rubisco	118_COG1850	27.57	243	171	3	262	975	93	335	2e-21	97.4
rubisco	117_COG1850	27.57	243	171	3	262	975	93	335	2e-21	97.4
rubisco	114_COG1850	27.57	243	171	3	262	975	93	335	2e-21	97.4
rubisco	31_COG1850	26.44	295	206	4	109	960	43	337	2e-21	97.4
rubisco	30_COG1850	26.10	295	207	4	109	960	43	337	2e-21	97.4
rubisco	87_COG1850	32.26	248	165	5	361	1095	98	335	6e-21	95.9
rubisco	138_COG1850	27.16	243	172	3	262	975	93	335	8e-21	95.5
rubisco	119_COG1850	27.16	243	172	3	262	975	93	335	1e-20	95.1
rubisco	59_COG1850	25.91	301	212	4	106	975	36	336	1e-20	95.1
rubisco	137_COG1850	27.16	243	172	3	262	975	98	340	3e-20	93.6
rubisco	125_COG1850	25.62	281	191	4	262	1050	93	373	3e-20	93.6
rubisco	120_COG1850	27.16	243	172	3	262	975	98	340	3e-20	93.6
rubisco	16_COG1850	28.70	230	160	4	241	918	71	296	3e-20	93.6
rubisco	127_COG1850	26.06	284	199	4	109	927	45	328	4e-20	93.2
rubisco	136_COG1850	26.41	284	198	4	109	927	39	322	7e-20	92.4
rubisco	54_COG1850	26.89	238	169	3	262	960	94	331	7e-20	92.4
rubisco	139_COG1850	26.10	295	207	4	109	960	44	338	1e-19	91.7
rubisco	15_COG1850	27.83	230	162	4	241	918	71	296	2e-19	90.9
rubisco	17_COG1850	27.39	230	163	4	241	918	71	296	4e-19	89.7
rubisco	9_COG1850	27.39	230	163	4	241	918	71	296	4e-19	89.7
rubisco	37_COG1850	27.39	230	163	4	241	918	71	296	6e-19	89.4
rubisco	24_COG1850	27.39	230	163	4	241	918	71	296	6e-19	89.4
rubisco	10_COG1850	27.39	230	163	4	241	918	71	296	6e-19	89.4
rubisco	8_COG1850	27.39	230	163	4	241	918	71	296	6e-19	89.4
rubisco	7_COG1850	25.67	300	218	5	64	948	54	335	6e-19	89.4
rubisco	75_COG1850	26.75	243	173	3	262	975	93	335	7e-19	89.0
rubisco	58_COG1850	26.75	243	173	3	262	975	93	335	7e-19	89.0
rubisco	131_COG1850	25.67	300	218	5	64	948	54	335	1e-18	88.2
rubisco	76_COG1850	26.75	243	173	3	262	975	93	335	2e-18	87.4
rubisco	69_COG1850	26.75	243	173	3	262	975	93	335	2e-18	87.4
rubisco	82_COG1850	26.75	243	173	3	262	975	93	335	3e-18	87.0
rubisco	77_COG1850	25.65	308	224	5	67	975	46	335	3e-18	87.0
rubisco	74_COG1850	25.65	308	224	5	67	975	46	335	3e-18	87.0
rubisco	70_COG1850	25.65	308	224	5	67	975	46	335	3e-18	87.0
rubisco	67_COG1850	25.65	308	224	5	67	975	46	335	3e-18	87.0
rubisco	1_COG1850	25.65	308	224	5	67	975	46	335	3e-18	87.0
rubisco	68_COG1850	25.65	308	224	5	67	975	46	335	5e-18	86.3
rubisco	53_COG1850	27.25	334	234	8	118	1092	16	335	6e-18	85.9
rubisco	134_COG1850	26.75	243	173	3	262	975	100	342	8e-18	85.5
rubisco	25_COG1850	26.52	230	165	4	241	918	71	296	8e-18	85.5
rubisco	41_COG1850	26.33	319	223	6	115	1035	16	321	1e-17	85.1
rubisco	110_COG1850	28.80	250	172	6	361	1092	96	333	1e-14	74.7
rubisco	111_COG1850	26.35	444	301	13	1	1254	18	438	7e-14	72.4
rubisco	104_COG1850	27.31	443	300	14	1	1263	18	442	1e-12	68.2
rubisco	98_COG1850	28.25	269	174	9	358	1107	123	390	1e-12	68.2
rubisco	90_COG1850	29.87	318	204	9	358	1254	123	439	1e-11	64.7
rubisco	88_COG1850	27.05	440	299	14	1	1254	18	439	1e-11	64.7
rubisco	132_COG1850	28.00	425	281	14	55	1254	34	438	3e-11	63.9
rubisco	123_COG1850	28.32	339	224	10	295	1254	101	438	3e-11	63.5
rubisco	96_COG1850	22.86	398	278	11	1	1107	18	390	2e-10	61.2
rubisco	124_COG1850	27.88	330	219	9	322	1254	110	438	2e-09	57.8
rubisco	107_COG1850	27.73	339	226	10	295	1254	101	438	2e-08	54.7
rubisco	80_COG1850	28.28	244	157	11	301	978	103	340	1e-07	51.6
rubisco	36_COG1850	30.00	190	124	8	451	993	156	339	6e-07	49.3
rubisco	108_COG1850	26.67	225	150	9	301	930	104	323	1e-04	41.6
